359843.3333
359837
359860
359874.3333
359895.6667
359866.6667
359876.3333
359837.6667
359816.3333
359810.6667
359789.6667
359787.6667
359757
359786
359818
359845.6667
359851.3333
359828.6667
359830
359819
359820
359823.6667
359851
359863.6667
359882.6667
359873
359880
359887.3333
359922.6667
359935.3333
359914.3333
359897
359893.3333
359911.3333
359939.3333
359970.3333
359992
359975
359965.3333
359956.3333
359965.6667
359955.3333
359958.6667
359961
359952.6667
359954.6667
359968.3333
359975.6667
359957.6667
359905.6667
359873.3333
359859.3333
359883.3333
359873.6667
359828.3333
359785.6667
359768.6667
359777
359752.6667
359726
359732
359721
359736
359718.3333
359712
359694
359666
359663.6667
359646.3333
359636
359627.6667
359646
359648.6667
359641
359621.3333
359612.6667
359621.3333
359603.6667
359613.3333
359604
359625
359611.3333
359613.3333
359619.3333
359661
359682
359682.6667
359671.3333
359655.3333
359688.6667
359666
359709
359685
359713.3333
359680.6667
359678
359687.6667
359689
359706.6667
359699.3333
359708.6667
359702.3333
359700.3333
359672.3333
359700.6667
359682
359697.3333
359629.6667
359579.3333
359546.3333
359555
359592.3333
359609.6667
359587
359557
359506
359505.6667
359486.3333
359476.3333
359453.3333
359438
359410.3333
359363.6667
359339.6667
359353.6667
359383
359403.3333
359388
359385
359365
359364
359365.3333
359357.3333
359367.3333
359336
359363
359350.6667
359336.6667
359319.6667
359321.3333
359355
359336.3333
359311.3333
359300
359289.3333
359287.3333
359279.6667
359298.3333
359326.3333
359291.6667
359291.6667
359268.3333
359304.6667
359283.3333
359316
359313.3333
359341.3333
359293.3333
359293.3333
359277
359294.6667
359283
359276
359299.3333
359321.6667
359376.3333
359355.3333
359351.3333
359325
359316
359320.6667
359319.3333
359336.6667
359335
359341.3333
359348.6667
359365
359337.6667
359287.3333
359260.3333
359256
359282
359248.3333
359197.6667
359182
359163
359164.6667
359129.3333
359107
359076.3333
359034
359003.3333
358967
358974
358974
358964
358928
358897.3333
358891
358879.6667
358876.3333
358873.3333
358873.3333
358855.3333
358854
358849
358850.3333
358884
358912.6667
358923
358882.6667
358846.6667
358835
358813.3333
358804.6667
358805
358836
358829.6667
358821.6667
358806.3333
358803.6667
358807
358802.6667
358821
358785.3333
358760.6667
358756
358781.3333
358806.6667
358792.6667
358782
358770.6667
358785.6667
358784.3333
358780
358782.3333
358792.6667
358808.3333
358783.3333
358817.3333
358839
358867.3333
358809.3333
358783.6667
358743.3333
358733.3333
358712.6667
358716.6667
358723.6667
358699
358681
358654.3333
358631.6667
358601.3333
358603.3333
358601
358613.6667
358617.3333
358634
358631.6667
358620.6667
358590.6667
358566.6667
358580
358603.6667
358631.3333
358595.6667
358562.3333
358521.3333
358524.3333
358523
358518.3333
358503
358498.6667
358492
358496
358504.3333
358533
358539.3333
358540.6667
358546
358548
358562.3333
358561
358591.3333
358581.3333
358597
358572.3333
358584.3333
358579.6667
358598.6667
358643
358655
358658.6667
358653.3333
358666.3333
358684.3333
358674.3333
358688.6667
358689.6667
358703.6667
358699.6667
358689.3333
358703
358736
358771.6667
358786
358758
358733.3333
358712
358707.3333
358736
358747.6667
358775.3333
358738
358736.6667
358719.6667
358725
358686.3333
358675.6667
358664.3333
358691.6667
358677.3333
358699.3333
358685.3333
358699
358678.3333
358669
358625.3333
358619.3333
358606
358618.3333
358609.3333
358612.6667
358618.3333
358622.3333
358615
358623.3333
358631.3333
358630
358629
358644.6667
358669
358654.6667
358637.3333
358612.3333
358610.3333
358598.3333
358598.6667
358590
358601
358620.6667
358638.6667
358651.3333
358674.6667
358693.6667
358690
358662.3333
358673.3333
358684
358734.3333
358736.6667
358744.3333
358718.3333
358731.3333
358746
358766.3333
358759
358761.6667
358772.3333
358807
358801
358797
358776.6667
358803
358782.3333
358759.6667
358747.3333
358754.6667
358770.3333
358771.6667
358783.6667
358801.3333
358771.6667
358792.6667
358791
358810.6667
358794.3333
358748.6667
358753
358728
358756
358765.6667
358743.6667
358725
358680.6667
358697.6667
358678.6667
358687.3333
358667.3333
358669.3333
358678.6667
358684
358689
358690
358711
358704.3333
358659
358634.6667
358624
358629.6667
358623.3333
358634.3333
358634
358653.3333
358662.3333
358712.3333
358757
358837.6667
358888.6667
358938.6667
358925.3333
358945.3333
358924.6667
358950.6667
358941
358962.6667
358984
359008
358954.3333
358805.6667
358587.6667
358404
358257.3333
358146.6667
358039.6667
357920
357795.6667
357650.6667
357509
357489.6667
357566.3333
357747.6667
357896.6667
357999.3333
358037.6667
358001.6667
357901.6667
357713.6667
357509.3333
357315.6667
357202.3333
357174.6667
357269.6667
357467.6667
357703
357846.6667
357927.6667
357953.3333
357949.3333
357954.3333
357951
358018.6667
358091
358155.3333
358206
358275.3333
358326.3333
358407.3333
358477.6667
358573.3333
358619
358641.3333
358663.6667
358663
358646.6667
358630.3333
358656.3333
358686.3333
358720
358728.3333
358725.6667
358668.6667
358632
358642.6667
358667.3333
358675
358613
358587
358596.3333
358609.3333
358630.3333
358623.6667
358640.3333
358627
358615.3333
358620.6667
358622.3333
358611.3333
358598.3333
358626.3333
358670
358683.6667
358666.3333
358647.6667
358644.3333
358641
358639
358671.3333
358686
358702.6667
358726
358743.3333
358734.6667
358691.3333
358674
358691.6667
358723.6667
358718
358706
358688
358705
358702.3333
358691
358688.6667
358708
358720
358728.6667
358745.6667
358802
358810.6667
358790.3333
358744.6667
358721.3333
358742.3333
358754
358773
358769
358771
358804
358818.6667
358846.6667
358855.3333
358848.3333
358824
358821
358843.6667
358858
358850.6667
358844
358848
358853
358886
358916.3333
358935.3333
358946
358960
358967.3333
358967.3333
358979.6667
359005.3333
359022.3333
359018
359025.3333
359018.3333
359014
358978.3333
358997.6667
358989
358979
358947.3333
358971.6667
359031
359066.6667
359060
359078
359051.6667
359063
359018
358989.6667
358986
358961
359012.3333
359013.6667
359038
358982.3333
358937.6667
358925
358925
358922
358891.6667
358865.6667
358862.3333
358868.6667
358865.3333
358824.3333
358791.6667
358746
358728.6667
358728
358753
358779
358797.3333
358810
358804
358788
358787.3333
358795.6667
358772.6667
358793.3333
358813
358832
358832.6667
358803.6667
358816.6667
358812.6667
358842.6667
358849.3333
358862.6667
358869.3333
358909.3333
358913.3333
358904.6667
358865
358951.6667
359108.3333
359379.3333
359664
360022
360463
360899
361236.6667
361407.6667
361437.3333
361469.6667
361455.6667
361434
361405
361472.3333
361548.3333
361600.6667
361555.6667
361533.6667
361503.3333
361500
361725.3333
361964.3333
362226
362259
362274.6667
362236.3333
362125.3333
361955.6667
361821
361776
361775
361788.3333
361770.3333
361729.3333
361592.3333
361408.6667
361230.3333
361140
361114.6667
361152.3333
361177.6667
361214.3333
361233
361211.6667
361186.3333
361150.6667
361163.3333
361203
361254
361343.6667
361398.3333
361459.3333
361460.3333
361484
361460.6667
361477
361480.3333
361511.3333
361488.3333
361490.3333
361525
361651.6667
361708.3333
361753.3333
361764.6667
361815
361854
361870.3333
361897.3333
361916
361947
361983
362036.3333
362046.6667
362080.6667
362100.3333
362168.6667
362178.3333
362216
362224.6667
362212.6667
362201.6667
362188.6667
362190.6667
362138
362099
362065.3333
362085.3333
362075.3333
362102.3333
362081
362094.3333
362092.3333
362125
362158.6667
362207
362212.6667
362190
362165
362159.3333
362159.3333
362163
362175.6667
362215
362227.3333
362201
362213
362219.3333
362291.6667
362330
362372
362359
362349.3333
362342.6667
362370
362373.3333
362353
362382.6667
362388.3333
362426.6667
362418.6667
362416.3333
362431
362446.6667
362481.3333
362523
362529.3333
362538.6667
362525.3333
362551.6667
362582.3333
362594.6667
362624
362621
362626.6667
362622.3333
362647.6667
362705.6667
362737.3333
362765.6667
362758
362768.3333
362771.3333
362795.6667
362799
362816.3333
362813.3333
362837.3333
362837.6667
362848.3333
362826
362824.3333
362811.6667
362828
362848.6667
362861.3333
362867.3333
362857.3333
362853.6667
362839.6667
362824.3333
362841
362838.3333
362852
362833.3333
362841.6667
362821.6667
362811.3333
362789.6667
362818.3333
362850
362885
362875.6667
362834.3333
362809.3333
362797.6667
362797
362790.6667
362813
362808.3333
362823
362805.6667
362840.3333
362839
362881.6667
362889
362889
362889.6667
362900.6667
362919
362898
362912.3333
362936.3333
362958.6667
362981.3333
363003.3333
363003.3333
363009
362986.6667
362981
362989
363035
363084
363088.6667
363116.6667
363110.6667
363090.6667
363052.6667
363055
363109.3333
363140.6667
363194
363187.6667
363180
363155
363169.6667
363170.6667
363147
363114.6667
363093
363087
363078.3333
363076.6667
363078.3333
363103
363122.3333
363107.6667
363073.6667
363044
363039
363028.3333
363017.3333
363021.6667
363007
362994.3333
362985
363001.3333
363019
363007.6667
363002.6667
362984
362969.6667
362948
362956
362976.6667
362980.6667
362957.3333
362933.3333
362913.6667
362909
362901.3333
362903.3333
362917.3333
362923
362920.6667
362920.3333
362909.6667
362936.6667
362936.6667
362953.3333
362946.6667
362937
362963
362981.3333
362996.6667
363000.6667
362998.3333
363011
363006.3333
362996.6667
363009
362996.6667
362980
362979
362999.3333
363018.3333
362998.6667
362990.6667
363035.6667
363037.6667
363047.3333
363021.6667
363046.3333
363067.6667
363035.6667
363027.3333
362999.3333
363022.6667
362999.6667
362971.6667
362945.3333
362934.3333
362929.3333
362923.3333
362931.6667
362935.3333
362928.3333
362894
362853.6667
362837
362837
362859.6667
362868.3333
362863.3333
362851.6667
362822.3333
362813.6667
362801
362824.6667
362820.3333
362811.3333
362801
362809.6667
362838.3333
362822
362822.3333
362795
362807.6667
362784.6667
362786.3333
362767.3333
362790.6667
362809.3333
362807
362781
362778.3333
362784
362796
362777.6667
362784.3333
362783
362768
362760.3333
362787.6667
362819.3333
362828.3333
362803.6667
362790.3333
362816.6667
362843.3333
362887
362880
362891.6667
362866.6667
362894.3333
362912
362918.6667
362894
362866
362868.6667
362885.3333
362902.3333
362919
362914.6667
362933.6667
362928.3333
362918.3333
362901
362898
362889
362828.3333
362811.6667
362831
362846
362825.6667
362783.3333
362749.3333
362708.3333
362705.3333
362688.3333
362693
362687
362712.3333