588546.3333
588548.3333
588595.6667
588560.3333
588568.6667
588549
588529
588507.3333
588453
588428.6667
588420.3333
588368.6667
588308.6667
588222.3333
588227
588199.3333
588175.6667
588108.6667
588005.3333
587938
587879.3333
587888
587882.3333
587918.6667
587908.3333
587953.3333
587959
588018.6667
587976
588010.6667
588022
588086.3333
588079.3333
588150.3333
588177.3333
588250.6667
588215
588237.3333
588245
588262.3333
588310.3333
588343
588396.3333
588408
588438
588463.3333
588491
588500.6667
588541.6667
588592.6667
588653.6667
588686.3333
588735.6667
588753.3333
588804.3333
588815.6667
588883.3333
588926.6667
588952.6667
588939.3333
588912.6667
588903
588910.6667
588935.6667
588991.6667
589026.6667
589054
589072.6667
589059.6667
589020
588996.3333
588973.6667
588958.6667
588904
588951
589030.6667
589114
589132.6667
589121.3333
589078.3333
589033.3333
588998.3333
589017
589052
589110.6667
589108.3333
589103.6667
589110.3333
589140.6667
589198
589192.3333
589218.3333
589183.6667
589192.3333
589221.3333
589290.3333
589327
589331
589334.6667
589351
589342
589354.3333
589374.6667
589416
589361.3333
589342.6667
589319
589380.3333
589398.6667
589424.6667
589423.3333
589461
589454.3333
589465.6667
589462.3333
589512.6667
589528.6667
589563.6667
589547
589580
589558.3333
589592.6667
589614
589670.6667
589733.3333
589746
589712
589670.6667
589657.6667
589678.6667
589639.6667
589643
589569.3333
589592.6667
589534
589559.3333
589518.3333
589497.6667
589461.3333
589469.3333
589478.3333
589487.6667
589486.3333
589527.6667
589533.6667
589547
589477.3333
589441.6667
589423.6667
589448.3333
589492.6667
589507.3333
589514.3333
589514.3333
589471.3333
589458.3333
589426
589424.6667
589415
589439.3333
589488.3333
589525.6667
589553
589500.3333
589481.6667
589475.6667
589527.6667
589581
589622.6667
589599.6667
589561
589511.6667
589541.3333
589584.6667
589624
589607.6667
589550.3333
589578
589588
589664
589650
589743.3333
589749.6667
589777.3333
589746.3333
589786
589810
589800.3333
589793
589795.3333
589842
589852
589843.3333
589817
589803
589740.3333
589717.6667
589701
589740.6667
589684.3333
589629.6667
589582.3333
589595.6667
589562.6667
589519
589495.3333
589563.3333
589595.6667
589576.3333
589541.3333
589535.3333
589558.6667
589505.3333
589509
589494
589516.3333
589495.3333
589526.3333
589548.3333
589572.6667
589544.6667
589466
589423.6667
589369
589411.6667
589400.3333
589417
589371
589327.6667
589342.6667
589376
589422.6667
589389.6667
589418.3333
589446
589491.3333
589484.3333
589447
589464.3333
589433
589414
589400
589401.3333
589466.3333
589532.6667
589609.6667
589632.3333
589595.3333
589607
589617.3333
589647
589645.3333
589687.6667
589725.6667
589749.6667
589728.3333
589701
589675.6667
589671.3333
589661.3333
589659.6667
589631
589605
589550.6667
589534
589520.3333
589551
589525.6667
589520.6667
589519.3333
589560.3333
589616.6667
589621.6667
589593
589536.3333
589540
589512.3333
589548.6667
589500
589508.6667
589472
589494.6667
589503.3333
589444.3333
589393
589381.6667
589407.6667
589430.6667
589429.6667
589437.3333
589426.6667
589417.6667
589418.3333
589427
589462.6667
589482.3333
589475.3333
589492.6667
589477.6667
589483.3333
589433.6667
589448.6667
589441.6667
589462
589478
589576
589737
589857.6667
589960
590023.6667
590081
590098.3333
590103.3333
590083.6667
589984.6667
589754.6667
589540.6667
589422.6667
589355
589291
589168.6667
589157.3333
589432.3333
589927.6667
590495
590859.6667
591145
591227
591192.3333
591026.3333
590819.3333
590102.6667
588514
586693
586267.6667
587464.6667
589303.3333
590536
591078
591300
591325
591310.3333
591330.6667
591289.6667
591324
591377
591473
591576.6667
591675.6667
591838
591957.6667
592077.6667
592161
592282.3333
592392.6667
592474.6667
592529
592553.3333
592623
592668
592778.3333
592866.6667
592948
593062.3333
593159.6667
593298.3333
593355
593427.3333
593509.3333
593586.6667
593700.3333
593779.6667
593873
593944
594042.6667
594150
594256.3333
594321.3333
594422.3333
594487.3333
594563.3333
594580.6667
594638
594707.6667
594778.3333
594858.6667
594961
595091.3333
595195
595284.3333
595355.3333
595448
595494.3333
595553.6667
595626.6667
595716.6667
595812
595845.3333
595875.6667
595876.6667
595900.6667
595936.6667
595929.3333
595893
595773.3333
595558.3333
595356.3333
594114.3333
591382.6667
589042.3333
588971.6667
591138.3333
592643.3333
592722.6667
592024.3333
591814
592250.3333
593103.3333
594284.3333
595684.3333
597228.3333
598429.6667
599079.6667
599297.3333
599200.6667
598937.3333
598423
597653.3333
596810
596390.6667
596550.6667
597009.6667
597396.3333
597603.6667
597693.3333
597638.6667
597560
597467
597458.6667
597434.6667
597474
597539.3333
597546.3333
597515
597403
597269
597124.6667
596997.3333
596965.3333
596908.6667
596858
596812.6667
596822.6667
596803
596743
596661
596637.6667
596695.6667
596729.6667
596796.3333
596792.6667
596790
596746.6667
596734
596721.6667
596786
596787.3333
596726.6667
596617
596540.3333
596533
596461.3333
596394.6667
596379
596389.3333
596401.6667
596358
596334
596271.6667
596243
596185
596200.3333
596169
596129.3333
596058.6667
595996.6667
595964.3333
595951.3333
595934
595931.3333
595927.6667
595916.6667
595936.3333
595963
596009
596012
595950.3333
595909
595853.3333
595832
595808.6667
595811
595806.6667
595781.6667
595756
595696.6667
595669.3333
595597
595592
595571.6667
595589
595582.6667
595569
595539.3333
595566
595568.3333
595588.3333
595554
595551.6667
595595
595590.3333
595625
595601.3333
595629.6667
595567.6667
595541
595483
595456.6667
595387
595365.3333
595343.3333
595333.3333
595277
595238.3333
595197.3333
595167.6667
595126.3333
595114.6667
595092.6667
595101.6667
595049.3333
595028.6667
594985
594972.6667
594965
594925.3333
594877.3333
594818
594781
594794.3333
594759
594746.6667
594641.3333
594623.3333
594584.6667
594591
594558.3333
594544.3333
594532.6667
594513.6667
594465.3333
594445.6667
594436.6667
594451
594432.3333
594418
594390.6667
594362.6667
594323
594313.6667
594311.3333
594314.6667
594351
594374.6667
594413.6667
594376.6667
594349.6667
594287
594245.3333
594227.3333
594220
594239.6667
594273
594273.3333
594246.6667
594190
594179.6667
594133
594105
594040.3333
594007.6667
593927
593887
593855.3333
593882
593846.3333
593822
593753.3333
593696
593628.3333
593585.3333
593610.3333
593612.3333
593579.3333
593488.3333
593404.3333
593364.3333
593335.3333
593332.6667
593267.6667
593250.6667
593258.6667
593273.6667
593249
593158
593076.6667
593028
593017.3333
593044.3333
593048.3333
593064.6667
593040
593040
593024
593056
593034.6667
593034
592961
592922.6667
592857.3333
592844
592850
592892
592943.3333
592940.6667
592875.6667
592812.3333
592763.3333
592814.3333
592806.6667
592853.3333
592800
592886
592842.3333
592838
592723.3333
592742
592747
592770.6667
592789.6667
592742.6667
592721.3333
592631.3333
592641.6667
592634
592626
592598
592569
592519.3333
592398
592310.6667
592228.3333
592215.3333
592146.3333
592139
592154
592143.6667
592123.3333
592076
592066
592027.3333
591983.6667
591977.3333
591953
591924.3333
591867
591897.6667
591934.6667
591935.6667
591947
591955.3333
591963
591896.6667
591892.3333
591891
591890
591838
591843.3333
591840.6667
591819.3333
591763.3333
591775.6667
591791.6667
591806.3333
591747.6667
591759.3333
591710
591704
591666
591664.3333
591666.3333
591643.3333
591675.3333
591688
591687
591716.6667
591690.6667
591692.6667
591621.3333
591599.6667
591561.6667
591552.3333
591579.6667
591602
591622
591649.3333
591607.6667
591579.6667
591520.6667
591469.3333
591439.6667
591409
591443.3333
591400.3333
591366.3333
591339.6667
591357.3333
591313.3333
591236.6667
591160
591108.6667
591103.3333
591092
591108
591081
591060.3333
591017.3333
590972.6667
590944
590907.6667
590942
590928
590916.6667
590913
590894
590903.3333
590874.3333
590841.3333
590839
590794.3333
590811.3333
590777.6667
590752.6667
590702.6667
590751.6667
590776.3333
590806.6667
590748
590727.6667
590694
590664.3333
590655
590682.3333
590723
590704.3333
590666.6667
590667.3333
590677
590677.6667
590643
590636.6667
590663.6667
590665.6667
590692.6667
590677.3333
590674.3333
590682.6667
590687.6667
590721.6667
590737.3333
590762.3333
590727.3333
590710.3333
590735.6667
590748
590723
590637.6667
590640.3333
590656.3333
590660.3333
590605.6667
590513.3333
590475.6667
590414
590398.3333
590357.3333
590349.3333
590280.6667
590267.3333
590230.6667
590241.3333
590228.3333
590212.3333
590175.6667
590143.6667
590119.3333
590106.6667
590123.6667
590166.3333
590198.3333
590145.3333
590079.6667
590055
590060.6667
590086
590103.6667
590109.6667
590110
590066.6667
590037.3333
590035.3333
590019.6667
590008
590026
590052
590068.3333
590029
590019.6667
590036.3333
590073
590098
590103
590026.6667
589994
589970
590048
590082.3333
590105
590150
590200.3333
590255.6667
590206
590149.6667
590116.6667
590112
590141.6667
590167.3333
590206
590228.6667
590206.6667
590213.6667
590160.6667
590112
590044.3333
590090
590061.3333
590064.6667
589965.3333
589976.3333
589926
589899.3333
589840
589829
589773
589754.6667
589704
589737.3333
589718.3333
589691
589672.3333
589691.6667
589697.6667
589650
589594.3333
589592
589633.3333
589643
589611.6667
589565.6667
589571.6667
589587.3333
589535.3333
589479
589427
589477.6667
589527
589544.6667
589547.6667
589539.3333
589538.6667
589561
589583.3333
589640
589633.3333
589646.6667
589649.3333
589669.6667
589675.3333
589722
589727.3333
589721
589680
589635.6667
589615
589581
589608.6667
589611
589611
589613.3333
589639
589613.6667
589650
589646.3333
589714
589709.6667
589692.3333
589666.3333
589693.6667
589685.6667
589702
589637
589625.3333
589593.6667
589593.6667
589575.6667
589564.6667
589508.3333
589456.3333
589388
589360.6667
589321
589302
589254.6667
589236
589178.6667
589184
589155.3333
589155.6667
589127.6667
589141
589162.6667
589145
589146
589177.6667
589182
589174.3333
589115
589123.6667
589138
589138.3333
589140.6667
589102.3333
589054
589020.3333
588983.3333
589000.3333
589014.6667
589022.3333
589050.3333
588998
589039.3333
589090
589089
589081.6667
589000.6667
589002.3333
589016.6667
589027
589081.6667
589044.6667
589002.6667
588964.6667
589035.6667
589088.6667
589082.3333
589035.3333
589056.3333
589065.3333
589055
589012
589022.3333
589003.3333
589038.3333
589098
589165.6667
589194
589137.6667
589071.3333
589034.6667
589004.6667
588997.3333
588966
588913.6667
588836.3333
588784
588779
588767.3333
588706