405547.3333
405528.6667
405547
405536.6667
405545.6667
405510.6667
405545.6667
405523.3333
405512.3333
405522.6667
405544.6667
405577.3333
405573.3333
405592.3333
405581.6667
405601.3333
405593.3333
405623
405620.3333
405654
405709.3333
405793.3333
405839.6667
405838.3333
405838.3333
405870.6667
405957.3333
406033.6667
406068
406063.6667
406056.6667
406132
406208.3333
406252.3333
406200
406165
406135.6667
406138
406088.3333
406078.3333
406106
406129.3333
406114
406080.6667
406066
406092.3333
406088.6667
406107.3333
406117
406129.6667
406139
406135.3333
406120.3333
406117.6667
406118.3333
406180.6667
406213.3333
406242.6667
406237
406241.6667
406251.3333
406276.6667
406318.3333
406360.6667
406415.3333
406443
406481
406511
406556.6667
406608
406646.6667
406651
406646
406628.6667
406638.6667
406605
406577.3333
406513
406502
406494
406502
406485
406461.6667
406467.3333
406518.3333
406532.3333
406557.6667
406524.3333
406525.6667
406529
406529.6667
406535.6667
406538.3333
406579
406606
406608.3333
406624
406623.6667
406663.3333
406691.6667
406760.3333
406786.3333
406809.6667
406831.3333
406886.3333
406923.6667
406953
406957.6667
406947.6667
406952.6667
406986.6667
407007.3333
406987.3333
406961.6667
406919.6667
406896.6667
406866.3333
406856.3333
406845.3333
406832
406804.6667
406781
406779.3333
406770.6667
406812.6667
406821
406845
406838.3333
406807.6667
406844.3333
406830.6667
406848.3333
406865.6667
406900
406919
406926
406923.6667
406950.6667
406921.6667
406955.6667
406965
406988.3333
407018.3333
407032.6667
407087
407112
407144.3333
407173
407143.3333
407125.6667
407092
407095.3333
407056.3333
406996
406946
406937.6667
406941
406939
406921.3333
406901.3333
406868.6667
406849.3333
406878
406905.3333
406900.3333
406878
406853
406838
406839
406846.3333
406886
406865.6667
406868.3333
406851
406863.6667
406875.6667
406900
406885
406886
406916
406953.3333
406985.3333
407006
407012.6667
406998
406943.6667
406940
406891.3333
406851.3333
406786.6667
406732.6667
406693.3333
406686.3333
406673.3333
406682
406640
406655
406622.6667
406657.3333
406629.6667
406626
406584
406605
406587
406564
406528
406545.3333
406561.3333
406586.3333
406621
406641.6667
406624.3333
406606
406602
406621.3333
406645.3333
406642
406673
406686.6667
406725.3333
406691
406639.3333
406569.3333
406496
406450.6667
406398.3333
406381
406341.6667
406324
406269
406206.6667
406168
406163.6667
406167.6667
406155
406123.6667
406096
406078
406062
406041
406010.6667
406021.3333
405990.6667
405975.3333
405958
405969.3333
406010
406055
406083.6667
406051.3333
405999
406004.3333
406028.3333
406030
406019.6667
405991.3333
406017
405993
405967.3333
405892.6667
405820.3333
405735
405640
405589.3333
405591
405582.3333
405563.3333
405516.6667
405485.6667
405441.6667
405407
405367.6667
405351.6667
405300.3333
405254.3333
405216.3333
405203.6667
405238.6667
405223.3333
405221
405175.3333
405166.3333
405149
405164.6667
405169.3333
405168.6667
405157.6667
405159.3333
405163.6667
405164.6667
405163
405137
405111
405078.6667
405067.6667
405017.6667
404949
404843.6667
404785.6667
404718.6667
404703.3333
404679.6667
404679.6667
404636.6667
404597
404558.6667
404541
404518.6667
404498.3333
404475
404447
404401.3333
404393
404379
404389.3333
404382
404354.3333
404344.3333
404338
404375.3333
404424.3333
404406
404418.6667
404397.3333
404453
404436.3333
404436.6667
404397.6667
404402.3333
404369
404321
404237
404136
404067
404000
404008.6667
403973.3333
403967
403886.3333
403879.3333
403861
403859
403822.6667
403785
403755.6667
403748.3333
403724.3333
403750.6667
403747
403760.3333
403714
403697.3333
403659.6667
403654.3333
403675
403737.3333
403782.3333
403782.3333
403753
403763.6667
403770.6667
403799.3333
403797
403818.6667
403822
403822
403768.3333
403751
403710.6667
403676.3333
403630.3333
403592.6667
403545.6667
403485
403392.3333
403362.3333
403330.6667
403357
403346.3333
403333.3333
403308.6667
403277.6667
403254.3333
403237
403255.6667
403271.3333
403284
403288.3333
403273.3333
403265.3333
403251.6667
403257.3333
403283.6667
403323.6667
403351
403353.6667
403354
403359
403366.6667
403401.6667
403436.3333
403491
403526.3333
403537.3333
403523
403513.3333
403478.6667
403428.6667
403356.3333
403350
403321.6667
403297
403248.3333
403207
403165.6667
403128.3333
403119
403046.3333
403000
402963.3333
402968.6667
402905.3333
402838.3333
402764.6667
402742
402715.3333
402735.6667
402727.6667
402731.6667
402666.3333
402588.3333
402283.3333
401617
400777.3333
400289
400292.6667
400538.6667
400652.6667
400911.6667
401347.6667
401848
402195
402324.3333
402379
402333.6667
402265
402165
402043
401917.6667
401768
401592.3333
401443.6667
401297.6667
401208
401094.3333
400999.6667
400910.6667
400879
400867.3333
400836.3333
400754.6667
400686
400667.3333
400637.6667
400630
400577.3333
400562.6667
400571.3333
400589.6667
400600.6667
400560.3333
400528.3333
400535.6667
400577.6667
400642.6667
400674
400668
400655
400636
400625.6667
400625.6667
400633.3333
400651.6667
400635.6667
400616
400568.3333
400548
400523
400522
400493
400500.3333
400483.6667
400484
400463
400492.6667
400521.6667
400548.3333
400555.6667
400582.3333
400629
400668.6667
400697
400697.3333
400717.6667
400742
400778
400803.6667
400819.3333
400890
400945.3333
400994.6667
400977.3333
400986.6667
401009.3333
401037
401035.3333
401034
401007.3333
400994.3333
400947
400931.3333
400907
400889
400887
400871
400905.6667
400867
400853.6667
400805.6667
400812.3333
400846.3333
400849
400884.6667
400876.6667
400908.6667
400915.3333
400912.6667
400920.3333
400938
400964.3333
400969
400983
400985.3333
401013
401007
401028
401008.6667
401002.3333
400956
400920.3333
400866.6667
400834.6667
400806.6667
400767
400730.6667
400707
400698
400672.6667
400635.3333
400608.3333
400595
400587
400564.6667
400565.3333
400572
400596.6667
400602.3333
400573
400572
400563
400629
400633
400642.3333
400626.6667
400669.3333
400731.6667
400793
400816.3333
400769.3333
400699.3333
400607.3333
400557
400508.3333
400463.6667
400437.6667
400401.6667
400393.3333
400366
400347
400325.3333
400337
400322.3333
400351
400330.6667
400339
400307.6667
400306
400315.3333
400308
400334.3333
400360.6667
400406
400430
400487
400538.3333
400612.3333
400635
400670.6667
400697.6667
400778.6667
400850
400902.3333
400890.6667
400859.3333
400845.3333
400819
400796.6667
400739
400694.6667
400656.3333
400630.6667
400580.6667
400576
400535
400560.6667
400540
400545.6667
400526.3333
400529.6667
400533.6667
400575.3333
400591.3333
400629
400631
400649
400645.3333
400659
400705.3333
400749
400806
400858
400943
401048
401137
401301.3333
401456.6667
401654.6667
401801
401958.3333
402089.6667
402226.3333
402330.3333
402405.3333
402455.6667
402555.3333
402695
402862.6667
402991.6667
403072
403091.3333
403116.3333
403124
403164.3333
403164.3333
403185
403141.3333
403095
403037
402979.3333
402923
402868.6667
402855
402859.3333
402876.3333
402903
402944.3333
402965.6667
403028
403055
403134.6667
403190.6667
403262.3333
403314.6667
403347.6667
403390
403411.3333
403433
403455
403495.6667
403562.3333
403598.6667
403612.3333
403617
403604
403580.6667
403511.3333
403497
403458.3333
403424.6667
403341.3333
403295
403253.3333
403217
403198.3333
403197.6667
403208.3333
403190.6667
403177.6667
403156.3333
403168.3333
403166
403191.3333
403161.3333
403152.3333
403152
403186.3333
403199.6667
403214
403247.3333
403270.6667
403290
403310.6667
403362.6667
403398
403407
403402.3333
403430.3333
403458.3333
403463
403483
403518.3333
403580.3333
403599.3333
403565.3333
403523
403468
403436
403375.6667
403296.3333
403226
403154.3333
403137.3333
403097.6667
403076.3333
403020.6667
402985.6667
402956.6667
402958
402945
402932.3333
402921.6667
402911.6667
402924.6667
402864.3333
402833
402771.6667
402762.6667
402775
402766.3333
402780.3333
402757.6667
402772.6667
402776.3333
402806
402838.6667
402831
402823.6667
402833.3333
402858.3333
402912.3333
402930
402964.3333
402921.6667
402875.3333
402813
402763.3333
402703.6667
402645.6667
402577
402542
402518
402507.6667
402490.3333
402477
402449.6667
402430.6667
402404
402376
402340.3333
402319
402329.6667
402342.3333
402345.3333
402331
402332.6667
402320
402330
402335.3333
402362.6667
402379.6667
402392
402407.3333
402431.6667
402434
402479.3333
402490
402525.3333
402516
402525
402497.3333
402417.6667
402345.3333
402275
402234.6667
402207
402174
402139
402088
402048.3333
402007
401979.3333
401955.3333
401949.6667
401922
401905
401885.6667
401885
401893.6667
401873.3333
401854.3333
401820.3333
401810.6667
401821.3333
401828.6667
401851.3333
401857.3333
401856.6667
401872.3333
401892
401916
401926.6667
401945
401990.6667
402022.6667
402043.3333
402045.3333
402068.3333
402057
402019.6667
401974.3333
401915.6667
401864
401805.3333
401766
401716
401647
401622.3333
401589
401563.3333
401557
401551
401543.6667
401481.3333
401465.6667
401452
401462.3333
401477.3333
401486.3333
401502
401511.3333
401509
401476
401483
401468
401501.6667
401491.3333
401525.6667
401528
401527.3333
401558
401570.6667
401601.6667
401576.3333
401562.3333
401549.6667
401491.3333
401439
401338.6667
401307
401234.6667
401227.3333
401226.3333
401233.3333
401182.3333
401109.6667
401071.3333
401060.6667
401066
401080
401074.3333
401071
401061
401048
401041.3333
401056.6667
401091.3333
401123.6667
401082
401089
401112.3333
401156.6667
401177.6667
401164
401207.3333
401218.3333
401253
401264.3333
401261.6667
401259.6667
401215.3333
401184.3333
401111
401052
400994.6667
400956.3333
400944
400912
400876.3333
400857.3333
400850.3333
400836.6667
400802.6667
400778.3333
400774.6667
400772
400782
400786.3333
400779.3333
400782.3333
400807.3333
400839
400801.6667
400802.3333
400792
400856
400848.6667
400837.6667
400842.6667
400886.6667
400935.3333
400956.3333
400955
400955.6667
400947.3333
400910
400886
400844.3333
400803.3333
400763.3333
400695
400662.6667
400610
400611
400559
400546
400498.6667
400478.3333
400455.3333
400444.6667
400466.3333
400467
400503.3333
400522.6667
400516.6667
400491.6667
400472.3333
400522.6667
400523
400523.3333
400510.6667
400522.3333
400548
400535
400536
400587
400631.3333
400675.3333
400683
400672
400664.3333
400625.6667
400611.6667
400576.6667
400546.3333
400490.3333
400466.3333
400403
400371