424460
424485.3333
424504.3333
424515.3333
424494.3333
424462
424445.3333
424432.3333
424424.3333
424422.3333
424404
424407
424381.6667
424389.6667
424387.6667
424388.6667
424394
424359
424347.6667
424289.3333
424327.3333
424359.6667
424423
424409
424368
424350.6667
424329.6667
424325.3333
424279
424266.3333
424256
424279
424269.6667
424271.3333
424259.6667
424277
424286.6667
424290
424273.3333
424244
424253.6667
424272.6667
424258.6667
424211.6667
424166
424140.3333
424103.6667
424083.3333
424078
424068
424050.3333
424037
424045
424068.3333
424044
423975.6667
423935
423919.3333
423931
423921
423925.6667
423927.6667
423899.6667
423875.6667
423873
423851.3333
423824.6667
423827
423824.6667
423844.3333
423810.3333
423792.6667
423770
423777.6667
423776
423766
423746
423709.3333
423672.6667
423661.6667
423696.6667
423713.6667
423699.3333
423683.3333
423697.6667
423729.3333
423732
423714.6667
423672
423671.6667
423692
423737.6667
423738.3333
423750.6667
423745.6667
423749.6667
423761.3333
423753.3333
423773.3333
423763.6667
423787.3333
423799.6667
423813
423806.6667
423809.6667
423786.6667
423776
423741.6667
423768
423752.6667
423732
423707.3333
423686.6667
423722
423680.6667
423681.3333
423639.3333
423654.3333
423648
423625.3333
423618.6667
423602.6667
423617.6667
423595.3333
423595
423571.3333
423541.3333
423514.3333
423516.6667
423511.3333
423501
423451.6667
423452
423455
423473.3333
423451.3333
423432.3333
423408.6667
423409.3333
423411.6667
423434.3333
423451.6667
423457
423425.6667
423398.3333
423381
423386.3333
423387.6667
423372
423385.6667
423374.3333
423350.6667
423347
423350.3333
423358
423324.6667
423303
423312.6667
423341
423361.6667
423414.6667
423420.3333
423428.3333
423361.6667
423370.6667
423375.3333
423433.6667
423422.6667
423439.6667
423405
423444
423432.3333
423427
423426.6667
423404
423410.3333
423338.3333
423347.6667
423358
423388.6667
423399
423394
423404.3333
423384.3333
423375
423337.3333
423318.3333
423294.3333
423280.6667
423265
423282.6667
423261
423228
423192
423156.6667
423157
423101.6667
423106
423116.6667
423152.3333
423172.3333
423163.3333
423146
423152.6667
423126.6667
423155.3333
423124.3333
423120.6667
423094.3333
423075.3333
423066.3333
423036.3333
423024.6667
423025.3333
423016.6667
423022.6667
423025.3333
423037.3333
423035.3333
423035.3333
423018.3333
423031
423021.3333
423027.6667
423009.3333
422985.6667
422979.3333
423001
423024
423057.6667
423064.3333
423070.3333
423058
423055.3333
423088.6667
423089.3333
423090
423042.6667
423032.6667
423008.3333
423018
423019
423032.3333
423040
423046.3333
423061.6667
423050
423036.3333
422971.6667
422975.3333
422930.3333
422959.6667
422923
422942
422910
422911
422900
422895.3333
422901
422913
422918.6667
422884.3333
422850.3333
422845
422862
422879.6667
422877
422848
422832
422795.6667
422788
422777.3333
422797
422812.3333
422797
422784.3333
422770.6667
422762.3333
422767.3333
422774
422789.3333
422793.3333
422755.6667
422744
422722.3333
422749
422719.3333
422704.6667
422663
422672.3333
422656.6667
422658.3333
422678
422705
422711.6667
422687.6667
422657.6667
422650
422661.6667
422655.3333
422675.3333
422661
422676.6667
422639.3333
422640.3333
422649
422669
422677.6667
422669
422658
422635.3333
422618
422621.6667
422591.3333
422613
422599
422594.3333
422534.3333
422506.6667
422463.6667
422455
422442
422448
422429.3333
422406
422414.3333
422395
422401.3333
422354.6667
422339
422319
422354.3333
422402
422468.6667
422499.3333
422496
422473.3333
422461.3333
422449.3333
422402.3333
422383.3333
422419.3333
422468.3333
422509.3333
422526.6667
422570.6667
422599.6667
422622
422646.6667
422675.6667
422720
422753.6667
422797.6667
422808
422767.6667
422639.6667
422377.6667
421959.6667
421497
421121.3333
420907
420789.6667
420692.6667
420609.6667
420567.3333
420556
420531.6667
420510.6667
420493.6667
420538
420570.6667
420662.6667
420759.3333
420849.3333
420869
420886.6667
420920.6667
421001.3333
421118
421223.3333
421312.3333
421383
421436
421499
421510.3333
421529.6667
421562.3333
421638.3333
421698.6667
421753.3333
421785.6667
421880.6667
421951.6667
422049.6667
422093
422117.3333
422112
422085.3333
422069.3333
422030.6667
422005.3333
421978.3333
421971.6667
421991.3333
422035.3333
422037.6667
422057.6667
422021
422034.3333
422030.3333
422086
422098
422105
422090
422079.3333
422082.3333
422076
422098.6667
422112.3333
422113
422128.3333
422132.6667
422133.6667
422140
422123.3333
422148
422134
422148.6667
422122.6667
422139
422128.6667
422158.3333
422123
422143.6667
422139
422171.6667
422182.3333
422217
422214.3333
422220
422198.6667
422178
422146
422099.6667
422085.3333
422054.6667
422047.6667
422008
421990.6667
421993.3333
422016.6667
422023
422003.3333
421989
421979.6667
421965
421982.6667
421996.3333
421989
421944
421913.3333
421916
421883.6667
421845
421803
421809.3333
421798.3333
421768.3333
421753.3333
421730.6667
421720.6667
421696.3333
421664
421644.3333
421599.6667
421597.6667
421580.6667
421608.6667
421624.6667
421639.6667
421649
421641
421662.3333
421632.6667
421618.3333
421613.3333
421628
421661
421690.6667
421734.3333
421736
421732.6667
421757
421749.6667
421741.3333
421714.3333
421749.6667
421739.6667
421736.3333
421763
421800
421809.6667
421759.6667
421727.3333
421711.3333
421729.6667
421733.6667
421764
421746.6667
421750.3333
421729.3333
421731.3333
421696
421647.3333
421599
421553
421523.6667
421508
421517.6667
421530.3333
421510.6667
421474.3333
421441
421440.3333
421446.6667
421425.3333
421452.6667
421489.6667
421523.3333
421502.6667
421486.3333
421481.3333
421446
421415
421385.3333
421386.3333
421378
421374.6667
421383.3333
421387.6667
421402.6667
421393.3333
421376
421363
421352.3333
421369
421350.6667
421349.3333
421330.6667
421322
421297
421282.6667
421272
421279
421278
421312
421318.3333
421329
421309.6667
421310
421309.6667
421304.6667
421277.6667
421297
421284
421311.3333
421283
421280.3333
421275
421267.6667
421281.6667
421274.6667
421266.6667
421291.3333
421341.3333
421398
421444
421413.6667
421395.6667
421371.6667
421388.3333
421390.3333
421361
421385
421382.6667
421373.3333
421345.3333
421300
421283.3333
421228.6667
421202.6667
421171.3333
421187.6667
421190
421187
421120.3333
421140.6667
421135.6667
421197.6667
421179
421172
421121.6667
421121.3333
421100.6667
421098.6667
421114.6667
421141.3333
421201.3333
421222.6667
421265.3333
421255.3333
421220.3333
421207.6667
421189.6667
421221
421179.6667
421192
421172.3333
421192.3333
421161.6667
421158.3333
421159.3333
421169.6667
421174.6667
421194
421210.6667
421219.6667
421216.6667
421201
421206
421202
421234.3333
421236.6667
421260.3333
421255
421250.6667
421244.6667
421240.3333
421250.6667
421230
421233
421213.3333
421215.6667
421201.6667
421200.6667
421169
421150.6667
421113.3333
421076
421093.3333
421102
421131.3333
421078.3333
421065
421040.6667
421029.6667
420971.6667
420873.6667
420746.3333
420725.6667
420794.6667
420948.6667
421012.6667
421013.3333
420979
420999.6667
421125
421307
421548.3333
421774.6667
422013.3333
422246.6667
422465.6667
422602
422665
422695
422697
422686.6667
422677.3333
422645
422591.3333
422531.3333
422509.6667
422485
422466.6667
422419.6667
422374.3333
422324.3333
422302.6667
422313.3333
422317
422332.6667
422320.3333
422279
422248.3333
422205.6667
422185
422151
422135.6667
422112.3333
422083.6667
422077.3333
422059
422038.6667
421982
421937.3333
421914.3333
421882
421893.6667
421831.6667
421793
421697.6667
421651.3333
421597.3333
421586.6667
421540.3333
421492.3333
421431
421414
421391.6667
421364
421332.3333
421304.6667
421281.6667
421245.3333
421219.6667
421172
421133.3333
421093
421079.3333
421074.3333
421092.6667
421122.6667
421119.6667
421053
420990
420991.6667
421028.3333
421012
420973.6667
420928
420909.3333
420906
420903.6667
420880.3333
420829.3333
420794.6667
420786.6667
420804.3333
420822
420830
420822.3333
420815.6667
420802.3333
420817
420828.3333
420834.3333
420825
420806
420830
420818.3333
420805.3333
420800
420818.3333
420843.6667
420833.3333
420818
420793.6667
420804
420792.3333
420812
420782
420815.3333
420819.6667
420848.6667
420806
420781.3333
420764.3333
420768.6667
420750.3333
420725.3333
420671
420629
420573
420549.6667
420552.3333
420500
420490
420446.6667
420449
420425.3333
420395
420375
420333
420313.3333
420293.6667
420281.6667
420275.6667
420286
420286.6667
420300.6667
420271.3333
420300
420274
420247.6667
420205.3333
420186.6667
420223
420229.3333
420234.6667
420242.3333
420208.3333
420175.6667
420160.6667
420176.3333
420228.6667
420220.3333
420189
420154.6667
420151
420183.3333
420142.6667
420130.3333
420103.3333
420119.3333
420099
420122.6667
420117.6667
420139.6667
420108.3333
420130
420107.3333
420120
420104.3333
420115.6667
420104.6667
420098.6667
420102.3333
420120
420135
420107.3333
420105.3333
420098
420104.3333
420057
419999.6667
419928.3333
419867.3333
419844.6667
419811.6667
419812
419775.3333
419779.3333
419753
419751.3333
419732.6667
419707.6667
419676.3333
419642
419613.6667
419603.3333
419579
419580
419577.3333
419589.6667
419578.6667
419542.6667
419528.6667
419509.6667
419504
419489
419478
419477
419457
419455.6667
419422.3333
419457.6667
419437
419437.6667
419388.3333
419395.6667
419383
419391.3333
419369.3333
419365.6667
419360.6667
419369
419373
419340.6667
419344.6667
419321.3333
419315.6667
419304.6667
419333.6667
419362.3333
419365.6667
419361
419357.3333
419345.3333
419311.3333
419284
419282
419301.6667
419305
419290
419269
419244.6667
419213.6667
419194
419161.3333
419111
419046.3333
419040.6667
419035
419027.3333
418983.6667
418960.6667
418936.6667
418908
418882
418868
418833.6667
418805.6667
418773
418783.6667
418772
418776.3333
418741.6667
418732.6667
418662
418647.6667
418618
418662.3333
418631.6667
418635.3333
418562.6667
418553
418532.6667
418557
418563.3333
418573.6667
418575.3333
418573
418548.6667
418530
418515.6667
418484
418464
418440.3333
418476.6667
418478.6667
418475
418420
418418.3333
418406.3333
418423.6667
418411
418395.6667
418389.6667
418401.3333
418412
418390.3333
418368.3333
418355.6667
418340.3333
418326.3333
418333.3333
418349.6667
418345
418334.3333
418312.6667
418294
418256
418221.3333
418194.3333
418180.6667
418173
418149.3333
418119
418079
418056.3333
418031.6667
417997.3333
417959.6667
417932
417948.6667
417925.6667
417929
417891.3333
417877
417829.6667
417824.6667
417803
417805.3333
417778.6667
417833
417830
417840.3333