419422
419457
419561.6667
419648.3333
419711.3333
419702.3333
419663.3333
419573.3333
419490.6667
419457.6667
419407.6667
419410
419357.3333
419288
419221.6667
419185.3333
419256
419276.6667
419261.6667
419193
419185
419229.6667
419291.6667
419322.6667
419318.6667
419332.6667
419307.3333
419282.3333
419149.3333
419009.3333
418831
418706.6667
418575.3333
418504
418457.3333
418473.3333
418413.6667
418397.3333
418365
418394
418416.3333
418429.6667
418458
418451.3333
418472.6667
418502.6667
418533
418552.6667
418563.6667
418607.3333
418664.6667
418688.6667
418713.3333
418694.3333
418692.6667
418634
418601.3333
418522.3333
418462.6667
418433.6667
418508.3333
418543
418545
418529.6667
418580.6667
418607
418619.3333
418654.3333
418745.3333
418780
418783.6667
418765
418774.6667
418757
418746.6667
418730
418775.6667
418841.3333
418942.3333
418975
418964.3333
418934.3333
418917.3333
418956.3333
419010
419097
419152.6667
419190.3333
419167.6667
419131.3333
419115.6667
419147.3333
419180.6667
419147.6667
419069.3333
418981
418920
418914.6667
418879.6667
418863
418811.3333
418820.3333
418798.3333
418795.6667
418781.6667
418815.6667
418875
418932.3333
418930.6667
418889.6667
418868.3333
418879.3333
418933.3333
418980.3333
419044.3333
419101
419175.3333
419227.6667
419251.3333
419222.3333
419208.6667
419158
419117.3333
419075
419033.3333
419015.6667
418971.6667
418937.6667
418897
418869.3333
418909.3333
418901
418896
418845
418820.6667
418799
418752
418750
418757
418790.3333
418784.3333
418769.3333
418811.6667
418856
418922.3333
418968.6667
419020.3333
419023.3333
419032
419042.3333
419075.6667
419075.6667
419069.6667
419070
419051.3333
419052
419017.3333
419020
419012.6667
419043.6667
419057
419080.3333
419075.6667
419107
419108
419155
419147.3333
419102.6667
419066.3333
419018.6667
419049
419042.6667
419075
419077
419086.3333
419108
419117.6667
419114.3333
419088
419088
419103.6667
419106.3333
419095
419080.3333
419069.6667
419039
419017.3333
418999.6667
418969.6667
418947.3333
418961
419032.6667
419073
419090.6667
419132.3333
419178
419213
419209
419211.6667
419246
419268.6667
419324.3333
419379.6667
419498
419610.6667
419733
419826.3333
419885.3333
419891.3333
419869
419849.3333
419767.6667
419697.3333
419630.6667
419599
419562.6667
419532.6667
419499
419430.6667
419331.6667
419259.3333
419173.6667
419089
418991.3333
418934.3333
418916.3333
418933
418961.3333
419004.3333
419066
419111.6667
419163.3333
419202
419222.6667
419186.3333
419161.3333
419123.3333
419124.3333
419055.6667
419024
418956.3333
418947.3333
418927.3333
418949.3333
418914
418876.6667
418822.3333
418814
418807
418822
418845.6667
418848.3333
418860
418844.6667
418853.3333
418862.6667
418910
418998.3333
419063
419105.6667
419119
419166.6667
419185.3333
419217.6667
419211.3333
419195.6667
419145.6667
419129.6667
419117
419115.6667
419086.3333
419071.3333
419082.3333
419084.3333
419095
419128
419173
419211.6667
419208.3333
419166.6667
419147.3333
419152.6667
419186.6667
419231
419185.3333
419190.6667
419207.3333
419248.6667
419244.3333
419248.3333
419285.6667
419325.3333
419329.3333
419322.6667
419313.3333
419313.6667
419339.6667
419373.3333
419386.6667
419391
419359.3333
419326.6667
419278.6667
419287.6667
419260.3333
419226
419155
419108.6667
419039.3333
418954.3333
418853
418774.3333
418706.6667
418704
418723.3333
418781.3333
418819.6667
418819
418801.6667
418794
418832.6667
418845.3333
418877.6667
418892.3333
418905.6667
418901
418884.3333
418901.6667
418891
418900.6667
418880.3333
418859.3333
418807.6667
418801
418806
418818.6667
418817
418845.3333
418872.6667
418911.6667
418938
418997
419044.6667
419059.6667
419064.3333
419074.3333
419092
419144
419182.6667
419221
419252.3333
419309.6667
419354.6667
419368.6667
419312.6667
419280.6667
419240.6667
419220.6667
419202.3333
419228.3333
419286.3333
419346
419378.6667
419381.6667
419394.3333
419428.6667
419447.3333
419444
419407.6667
419394.6667
419433.6667
419468
419567.6667
419590.3333
419595
419567
419592.6667
419657.6667
419688
419648
419522
419322.3333
419167
419000.3333
418914.6667
418845.6667
418869.3333
418883.3333
418862.3333
418850.3333
418859
418921.3333
418950
419034.3333
419025.6667
419056
419019.3333
419033
419067.6667
419047
419034.3333
418982.3333
419030.3333
419091
419148.3333
419172.6667
419163.6667
419200.3333
419233.3333
419285
419292
419245
419163
419084.6667
419025
418974.6667
418909
418878.3333
418889
418884.6667
418885.6667
418859.6667
418886.6667
418940.6667
419040.6667
419124
419154.6667
419203
419259.3333
419334.3333
419362.6667
419335.3333
419305
419268
419255.6667
419211.3333
419190
419201
419240
419249.6667
419255.3333
419245.3333
419222.6667
419135
418968.6667
418606.6667
418293.6667
417837.3333
417459
417000.6667
416773
416776
417057
417593.3333
418395.6667
419444.3333
420592
421653.3333
422362.6667
422667
422577.3333
422354
422191.3333
422193
422566.6667
423600.3333
425350.6667
427260.6667
428794
429741.3333
430236.6667
429986.6667
428471
425903
422892.3333
420538
418902.3333
418207.6667
418285.3333
418857
419180.3333
418863.6667
418152
417323
416405.6667
415280
414159.3333
413177.6667
412430.6667
411931.6667
411703.6667
411676
411805
411951.6667
412124
412214
412290.6667
412403
412503.6667
412549.6667
412485.3333
412438
412443
412360.3333
412188
411955
411811
411773
411765.6667
411789
411750.3333
411699
411610
411593
411535.6667
411535
411469.3333
411459.6667
411425.3333
411386.6667
411353.3333
411307.3333
411319.6667
411289
411221
411086.6667
410952.3333
410785.6667
410614.3333
410416.3333
410290.3333
410174.3333
410172
410154
410163.3333
410143
410186.6667
410241.6667
410290
410297
410351.6667
410385.6667
410431.3333
410480
410546
410596
410601
410657.6667
410742
410814.6667
410871.3333
410904.3333
410967.3333
411015.6667
411063.6667
411108.3333
411126.3333
411151.3333
411164.3333
411209.3333
411248.6667
411284.6667
411322
411345
411406.6667
411419
411459
411465
411521
411552
411584.3333
411558.6667
411586.3333
411617
411680.3333
411724.6667
411735.3333
411741.6667
411728.3333
411765
411812.6667
411861
411921.3333
411930
411933.6667
411907.3333
411948.3333
412005
412027.6667
412036
412045.3333
412067.6667
412089.6667
412129.6667
412181.6667
412223.6667
412200.6667
412185.6667
412192.6667
412231.6667
412263.3333
412259.3333
412267.3333
412258.6667
412279
412222.6667
412207
412166.3333
412179
412161
412151.6667
412146.6667
412150
412171.6667
412230.3333
412272.3333
412296.6667
412275.6667
412298
412279
412276.3333
412222
412209.6667
412174
412182.3333
412179
412201.6667
412187.6667
412191
412168
412139.6667
412100.6667
412087.6667
412042
412007.6667
411941
411958.3333
411985
412043.3333
412022
412005
411983.6667
412028.6667
412039.6667
412074.6667
412063
412113
412134.6667
412159.3333
412135.3333
412128
412163.6667
412185.6667
412185.3333
412192
412209.3333
412222
412236.3333
412253.3333
412280.6667
412285
412285.3333
412297
412289.3333
412301
412250.3333
412226.3333
412190
412189.3333
412150.3333
412143
412124.3333
412135.6667
412111.6667
412079
412024.6667
412036
412027
412034.6667
411970.6667
411955.3333
411952.6667
411962
411970.3333
411955
411926
411938.6667
411940.3333
411949.3333
411936.6667
411925
411948
412014.3333
412286.3333
412989.6667
413638.3333
415110.3333
416690.6667
419505.6667
422989
427004.6667
430050
431248.3333
430424.3333
429029
427857.3333
427107
427011
427285.6667
428067
428109.6667
426500.6667
423743.3333
421113.6667
419733
420417
423495.6667
426883.3333
428124.3333
426559
424159.6667
422294.3333
420390.3333
418550
417225.6667
416592
416603
416267
415456
414301
413674.6667
413587.6667
413686.6667
413742.3333
413766
413841.3333
414135
414581
415021.3333
415294.6667
415443.6667
415511.6667
415585.6667
415619.3333
415636.6667
415626.6667
415670.6667
415954.3333
416272.3333
416495
416484.6667
416402
416370
416415.3333
416573.3333
416764.3333
416956.6667
417161.6667
417399.3333
417547.6667
417600
417592.6667
417621.3333
417712.3333
417839.6667
417991.6667
418094.6667
418147.6667
418160
418174.6667
418249
418327.6667
418431.6667
418482.3333
418529.6667
418572.3333
418638.3333
418695.6667
418718
418749.3333
418806.6667
418926.6667
419023.3333
419100.3333
419102.3333
419096.3333
419085.6667
419055.3333
419011.6667
418960
418941.6667
418931
418913.6667
418885.3333
418906.6667
418948
418995
418983.3333
418971.6667
418929.3333
418942.6667
418947.3333
418968
418904.6667
418855.6667
418821
418858
418877
418923.3333
418923
418951.6667
418973
419006.6667
419015
419076
419137
419173.6667
419104.3333
419035
418994.3333
419011
419043.3333
419070.6667
419078.3333
419095
419078
419076.6667
419081.3333
419082.3333
419077.6667
419061.3333
419081
419094
419084.6667
419066.6667
419059.3333
419046.6667
419085.3333
419147.3333
419208
419240.6667
419262.3333
419306
419323
419338.6667
419347
419362
419377.6667
419409.3333
419452
419476
419458
419428
419386
419344
419266
419175.6667
419095.6667
419052.6667
419002.6667
418974.3333
418927.3333
418932.3333
418903.3333
418900.3333
418887.6667
418892
418898.6667
418914.3333
418933.3333
418918.6667
418928
418928.6667
418962
418950.3333
418944.6667
418974
419002.3333
419025.6667
419021.6667
419045.6667
419063.6667
419046.3333
419041
419041.6667
419082
419050
418999.6667
418973
418989
419024
419034
419026.3333
419013.3333
418982.6667
418987.3333
419016.6667
419079.3333
419117.3333
419137.6667
419121
419114.6667
419100.6667
419125.6667
419166
419236
419264.6667
419276.6667
419287.3333
419279.6667
419284.3333
419237.3333
419210.6667
419191
419220
419275.6667
419299.3333
419321.6667
419326.3333
419337
419338.3333
419323.3333
419299.6667
419251.3333
419223.3333
419185.6667
419144.3333
419095.6667
419052.3333
419000
418985.3333
418923
418918.3333
418889
418921.3333
418947
418954.6667
418967.6667
418953.6667
418990.6667
419023
419060.6667
419094
419130
419158.3333
419154.3333
419108.3333
419120.3333
419141.3333
419199.3333
419224.3333
419248.3333
419257.3333
419253.6667
419221.6667
419226.3333
419230.6667
419280
419269.6667
419273.3333
419227.6667
419230.3333
419230.3333
419257.6667
419313.6667
419340.6667
419375.3333
419363.3333
419359.6667
419340.6667
419330
419343
419371.3333
419399.6667
419393.6667
419368.3333
419352.6667
419383.6667
419403.3333
419441.3333
419441
419475.3333
419478.6667
419456
419413.6667
419407
419420
419446.6667
419444.6667
419481
419506
419500.6667
419488.6667
419459.3333
419410
419382
419358.3333
419330.6667