550582.6667
550474.6667
550347.3333
550182.3333
550092.3333
550036.6667
549980.3333
549897
549826.3333
549790
549783.6667
549768
549744
549729.6667
549742.6667
549782.3333
549846.3333
549867
549854
549855
549886.6667
549945
549973.6667
550015.3333
550075
550154.3333
550227.6667
550314.6667
550358.3333
550385.6667
550388.6667
550430.3333
550477.3333
550536.6667
550613.3333
550679.3333
550784.6667
550805.6667
550855.6667
550868
550988.6667
551119.3333
551228.6667
551314.6667
551337
551402
551437.6667
551509.6667
551593.6667
551681
551785
551852
551917.3333
551987.6667
552082.3333
552145
552255
552353.3333
552489
552552.3333
552591.3333
552604.3333
552605
552598.6667
552579.6667
552506.6667
552389.3333
552243.3333
552109.6667
551960
551811.3333
551660.6667
551525.6667
551398.6667
551261.6667
551144.3333
551013.6667
550927
550866
550829.3333
550744
550651.6667
550543.3333
550559.6667
550546
550558.3333
550498.6667
550509.6667
550531.6667
550570
550557
550608.6667
550660
550763.3333
550767.3333
550800.3333
550835
550928.3333
551010.6667
551091
551185.3333
551254.3333
551342.3333
551384.3333
551467.3333
551519.3333
551578
551637.6667
551707.3333
551800.6667
551863
551951
551996
552104
552172
552291
552387.3333
552455.6667
552546.3333
552623.3333
552756.6667
552830.3333
552949
553031.3333
553126.3333
553195
553258.3333
553359
553414
553510.6667
553600.6667
553712
553843
553946.6667
554048.3333
554128.3333
554202
554257.6667
554331.3333
554403.6667
554447
554479
554439.6667
554400.6667
554275.6667
554132
554000
553820.6667
553733.6667
553536.6667
553400.6667
553251.6667
553220.3333
553193.6667
553116
552976.6667
552891.3333
552821.3333
552811
552733
552735.3333
552727.3333
552765.6667
552753
552763.6667
552770.3333
552792.6667
552807.6667
552841.6667
552882.3333
552961
553055.3333
553106
553112.6667
553079
553113.6667
553140
553216.3333
553225
553259.6667
553295.6667
553367.3333
553430
553475.3333
553538.3333
553594
553635.3333
553658
553733.3333
553794.6667
553864.6667
553900.6667
553943
553973.3333
554016.3333
554070.6667
554120.6667
554195.6667
554268
554354
554411.3333
554448
554503.3333
554565.6667
554643
554725.3333
554820.3333
554899
554960.3333
555013.3333
555036
555070
555126
555176.3333
555227.3333
555223.6667
555253.6667
555224.6667
555094
554978.6667
554823.3333
554748.6667
554648.6667
554551
554410.6667
554298
554183
554104.3333
553965.6667
553870.3333
553746.3333
553646
553541.6667
553349.6667
553115.3333
552796.3333
552457
552033.3333
551579
551064
550556
550025.3333
549611.3333
549227
548885.6667
548567.3333
548226
547890
547504
547172.3333
546813
546546
546322.3333
546204.3333
546127.3333
546039.3333
545990.6667
545902.3333
545877.3333
545801.6667
545751.6667
545698
545733.6667
545775
545849
545938.6667
546093.6667
546220.6667
546345.3333
546391.6667
546441.3333
546478
546525.3333
546556.3333
546535.3333
546505
546482
546463.6667
546498
546500.6667
546511
546438
546414.3333
546319
546188
546032.3333
545928.6667
545849.6667
545767
545632.3333
545570.6667
545493
545438.3333
545373.3333
545267.3333
545209.6667
545122.6667
545044
544921
544759.6667
544617
544483.6667
544301
544091
543861
543658.6667
543428
543183.3333
542935
542677.6667
542379
542158.3333
541951
541851
541682
541509.6667
541257.6667
541052.3333
540920.6667
540796.6667
540653.6667
540558.6667
540537.6667
540556.6667
540565
540565
540542.6667
540475
540397.6667
540306.6667
540234
540200
540190.6667
540202.3333
540222
540244
540300.6667
540318
540377.3333
540373.6667
540388.3333
540382
540356.3333
540319.6667
540278.3333
540303.3333
540324.3333
540337
540321.6667
540338.6667
540329.6667
540334.6667
540262.6667
540219
540175.3333
540179.3333
540189.3333
540216.3333
540223
540216.6667
540154
540136
540111.3333
540111
540053.6667
540068.3333
540016.3333
540023.6667
540030
540135.6667
540241
540318.3333
540422.6667
540526.3333
540617
540672.3333
540678
540681.3333
540602
540500
540375
540208
540068
539899.3333
539746.3333
539582.3333
539480
539415.6667
539399.6667
539332
539232.6667
539081.6667
538916
538750
538604
538440
538325
538155.6667
538061
537971.3333
537956.3333
537895.3333
537860.3333
537826.6667
537791.6667
537774.3333
537747.6667
537718.3333
537679
537646
537664.3333
537607.6667
537610.3333
537587.6667
537576.3333
537558
537517
537532.3333
537467.6667
537419.6667
537378.3333
537336.3333
537383.3333
537398.6667
537439.6667
537411.3333
537356
537301.6667
537266.3333
537272
537307.6667
537332.6667
537380
537407.3333
537400
537392
537413.3333
537471
537561.6667
537642.6667
537788.6667
537947.6667
538178.6667
538390.6667
538660.3333
538893.6667
539128.3333
539259.3333
539338.6667
539409.6667
539438.3333
539535
539564.3333
539625
539566
539479
539353.3333
539223.3333
539082.6667
538902.3333
538704.6667
538532.3333
538384.3333
538259
538204
538150.3333
538104
538013.3333
537970.6667
537938
537921
537910.3333
537952.6667
537985
538061
538148
538364.6667
538762
539292.3333
539998.3333
540899.3333
541914.6667
542830.3333
543484.3333
544035
544564.6667
545022
545372.6667
545573.6667
545718
545747.6667
545752
545634.3333
545547.3333
545380.6667
545286.3333
545153.3333
545114.3333
545076.6667
545024
544924.3333
544757.3333
544631.3333
544523.3333
544463
544427
544392.6667
544293.6667
544170
544032
543965
543950
543965
543951.6667
543980.6667
544000.6667
544088.3333
544106.3333
544137.6667
544187.6667
544263.3333
544303
544344
544392
544468.3333
544538.6667
544583
544636
544690.3333
544766.6667
544794.6667
544788.6667
544667.6667
544552.6667
544439.3333
544376.6667
544280
544196.6667
544125
544091.3333
544036
543976.6667
543890.6667
543826
543734.6667
543702.3333
543681.3333
543659.3333
543614
543496
543448.3333
543428
543467
543440.3333
543426.3333
543399.3333
543429.6667
543450
543464.3333
543473.6667
543475.3333
543464
543449.6667
543438
543439.3333
543435
543464
543461.6667
543475.3333
543452.6667
543468.6667
543517.3333
543558
543554
543545.6667
543585.3333
543638
543649.3333
543594.3333
543628.6667
543619.6667
543687.6667
543694.3333
543735.6667
543770
543769.3333
543827
543846.3333
543887.3333
543900
543869
543921.3333
543960
544042
544039.6667
544038.6667
544036.3333
544073.6667
544154.6667
544228
544280.3333
544294.3333
544326.3333
544387.6667
544447.6667
544526
544587.6667
544616
544601.3333
544610.3333
544581
544560.3333
544483.3333
544450.3333
544333
544157
543993.3333
543922.3333
543871
543808.6667
543730.6667
543637.3333
543585.6667
543485.6667
543452.3333
543359
543306.3333
543237.6667
543168.6667
543133
543145
543157.3333
543161.3333
543179
543191.6667
543162.6667
543121.3333
543154.3333
543204.6667
543247
543286.3333
543336.6667
543383.3333
543394.6667
543367
543342.6667
543381.6667
543428.6667
543456.6667
543419.6667
543422.3333
543440.3333
543436
543461.3333
543480.3333
543519
543534.6667
543500
543523.3333
543544.3333
543624
543670.6667
543709.3333
543723
543727
543720
543758.3333
543796.3333
543814.3333
543862.3333
543893.3333
543979.6667
544000.6667
544041.6667
544058.3333
544068.3333
544063.6667
544059
544059
544059
544059
544147
544233
544329
544389
544457.6667
544475.6667
544507.6667
544533
544520.6667
544436.6667
544304.3333
544240.6667
544127.3333
544032.6667
543934.3333
543843
543769
543702.6667
543677.3333
543668
543590
543543.3333
543460
543424.6667
543371.6667
543329
543324.6667
543293
543313
543343.6667
543359.3333
543353.3333
543365.3333
543408.3333
543447
543397.3333
543349
543311.3333
543355
543335
543393.6667
543398.3333
543475.3333
543437
543438.3333
543443.3333
543507
543530
543548.6667
543546
543585.3333
543636.3333
543657.3333
543694
543714.6667
543760.3333
543782
543782
543799.6667
543827
543866.3333
543894.6667
543911.3333
543945.3333
544009
544053
544109.6667
544112.6667
544146.6667
544147
544196
544250.6667
544317.3333
544338.6667
544425.3333
544495.3333
544553
544582.6667
544635
544739
544787.3333
544873.3333
544915.6667
544975.3333
544999.3333
545055.3333
545035.3333
544988.3333
544872
544805.3333
544755.6667
544695.3333
544631
544520.6667
544434
544356
544336.6667
544300
544208.3333
544107.3333
544037.3333
543992.3333
543983.6667
543922.3333
543932.3333
543883
543879
543836.6667
543835.3333
543871
543873.6667
543858
543891
543909.6667
543959.3333
543938
543982
544018.3333
544031.3333
544043.6667
544043
544096
544083
544111
544104
544120.3333
544091.3333
544115
544134
544143.3333
544112
544136.6667
544142
544273.3333
544323
544360.3333
544281.6667
544276.3333
544340.3333
544390.3333
544467.6667
544473.6667
544519.3333
544544.6667
544561.6667
544601.3333
544625.3333
544706
544743.3333
544774.6667
544812.3333
544885.3333
544924.3333
544966.6667
544954
544974.6667
545016.6667
545089
545208
545298
545407
545484.3333
545523.6667
545549
545543.3333
545530
545490
545440.6667
545367.6667
545285.3333
545188
545167.6667
545112
545065.6667
544940.3333
544837.3333
544738.3333
544664
544634
544608.3333
544601.6667
544512.3333
544442.6667
544339.3333
544323.6667
544296
544307
544271.3333
544273.6667
544267.3333
544262.6667
544261.6667
544281
544318.3333
544318.3333
544324.3333
544323.3333
544324
544288.6667
544277
544270.6667
544277.6667
544262.6667
544218.3333
544231.3333
544248.3333
544269.3333
544269.6667
544290.3333
544318
544365.3333
544388.6667
544415.3333
544445
544461.3333
544496.6667
544445
544420
544406.3333
544446.3333
544502.6667
544537.3333
544544
544564.3333
544623.3333
544715.6667
544742.3333
544701.3333
544700
544717.3333
544792
544763
544799
544847
544921.6667
544947
544999.6667
545087
545181.6667
545216.3333
545191
545219.3333
545211.6667
545194.6667
545086
545003
544917.6667
544814.3333
544655
544523
544421.3333
544342.3333
544304.3333
544278.6667
544289
544289
544232.6667
544101.6667
543962.6667
543841.3333
543746.6667
543671.6667
543612
543581.6667
543512.6667
543454
543407.6667
543399.6667
543396.3333
543443.6667
543435
543458
543388
543368.6667
543321.6667
543322.3333
543308.3333
543304.6667
543278.3333
543245.3333
543219
543216
543223.6667
543215
543177.6667
543197.6667
543169
543168.6667
543115
543102.6667
543104
543099.6667
543127.6667
543140.3333
543177.3333
543176
543189
543165
543181
543199
543226.3333
543244.6667
543246
543262.3333
543266.6667
543315.3333
543337
543388.3333
543389.3333
543452.6667
543510
543556
543560.6667
543632.6667
543696.6667
543788.6667
543794